132
60
501
906
446
746
819
913
611
413
873
263
186
596
548
896
963
454
770
475
32
231
673
62
418
666
691
611
360
532
717
414
320
52
573
36
9
310
36
943
69
635
961
13
508
451
106
640
484
826
684
920
89
321
22
914
14
570
766
856
909
784
339
514
291
879
285
798
323
342
273
943
502
990
944
792
613
784
423
437
320
841
694
191
337
17
913
37
775
141
877
679
138
379
790
250
370
435
685
649
644
104
697
444
937
659
771
200
21
285
66
900
278
562
638
749
819
561
622
364
70
881
322
153
72
492
662
915
971
494
497
593
316
570
92
894
813
66
875
833
642
770
184
448
58
874
266
275
617
672
139
317
224
172
924
257
965
330
342
702
233
799
755
201
300
867
570
857
157
472
269
803
208
952
585
181
572
150
683
5
46
573
830
955
8
891
58
15
364
728
625
9
883
976
713
28
344
406
980
427
820
569
100
828
306
8
333
509
109
472
446
899
507
309
743
834
224
572
93
136
490
975
983
811
264
337
169
134
88
949
809
276
947
400
513
483
113
581
760
86
673
785
916
472
949
316
269
70
88
373
62
393
471
835
75
187
393
842
617
515
648
170
538
377
567
456
286
190
874
828
328
103
656
641
819
724
804
383
873
820
408
252
925
4
33
378
825
546
684
618
496
476
461
231
742
953
844
456
609
493
569
433
130
94
652
523
225
357
925
182
97
875
347
904
955
957
754
473
204
803
192
452
657
420
86
775
9
99
132
271
572
433
695
49
183
451
120
803
365
788
326
901
864
419
989
760
790
433
856
492
759
509
758
867
319
6
277
211
273
196
320
58
375
111
779
403
146
649
89
689
474
40
412
955
576
781
884
262
986
458
720
765
181
968
951
982
696
959
150
432
711
110
644
120
227
460
857
13
105
114
225
280
168
688
138
116
664
362
696
507
34
652
663
586
192
533
76
600
833
762
857
720
486
181
883
277
65
914
48
114
729
343
367
504
176
852
470
136
178
765
280
947
97
187
167
116
387
468
404
949
270
110
231
479
467
689
600
913
819
585
314
861
970
669
595
160
649
300
188
162
902
559
619
53
267
774
105
223
793
14
233
729
187
490
996
367
672
403
975
73
70
914
131
754
670
475
892
157
833
661
260
100
203
24
249
417
399
687
21
246
552
151
268
638
518
281
335
68
364
142
111
598
925
93
246
700
736
206
830
384
209
925
770
248
798
66
240
469
617
460
257
657
978
188
236
287
580
625
798
87
762
518
344
386
736
740
83
996
962
118
344
144
502
129
169
492
961
523
407
329
228
416
972
486
688
942
27
642
502
751
694
883
910
816
338
296
700
634
355
572
451
190
804
830
115
888
368
321
404
986
713
418
97
896
442
471
272
246
444
233
126
744
967
328
337
567
210
834
97
826
136
708
172
950
278
112
509
155
844
363
669
724
324
740
351
442
483
496
89
3
849
826
735
676
40
562
245
819
296
746
480
375
306
19
178
286
712
798
377
349
816
386
478
873
771
907
212
139
325
548
128
148
607
727
140
653
825
171
30
670
633
709
787
515
451
754
866
177
173
487
954
104
846
396
181
197
881
749
196
327
835
504
519
365
522
523
589
530
712
112
939
655
993
107
581
580
36
175
874
913
953
784
992
410
401
729
728
600
545
531
427
957
838
690
864
397
346
314
28
465
79
576
648
339
568
885
942
551
628
348
690
388
420
34
564
430
509
768
674
520
498
640
849
522
81
989
793
322
569
961
347
826
955
919
722
632
838
515
840
786
280
885
984
976
599
963
48
379
818
907
49
283
909
4
196
128
206
399
610
753
554
331
989
100
969
835
752
308
29
801
800
832
834
979
790
505
985
228
372
873
881
842
4
279
964
107
283
929
296
33
656
713
659
184
946
921
193
83
491
589
526
528
514
781
915
592
936
515
849
889
192
638
666
722
650
535
263
271
965
884
731
543
855
109
729
282
935
190
715
536
666
350
470
724
564
642
378
873
573
197
206
758
437
880
580
209
783
754
556
929
989
17
455
665
66
356
485
706
726
139
766
682
946
969
374
678
652
325
610
19
700
749
927
786
647
326
564
495
142
629
685
651
434
830
949
61
45
916
467
709
366
181
41
656
761
638
776
131
945
966
286
629
600
199
511
422
409
710
699
4
933
915
344
740
745
453
216
366
181
595
729
720
565
496
332
845
555
388
914
968
83
607
463
46
764
406
154
597
669
312
534
67
454
797
430
175
50
376
674
165
285
284
868
900
616
258
559
352
635
858
